Thread ID: 10
=

Operation: read_dir
  Count: 14
  Total: 3.361333ms
  Average: 240.095µs
  Min: 47.916µs
  Max: 2.019ms

Operation: file_type
  Count: 1430
  Total: 39.831µs
  Average: 27ns
  Min: 0ns
  Max: 250ns

Operation: search_file
  Count: 266
  Total: 62.513088ms
  Average: 235.011µs
  Min: 58.292µs
  Max: 1.04075ms

